0 0.401878 0.145693 0.027661 0.040325 0.999816 0.019197
0 0.435777 0.145693 0.025619 0.037154 0.993125 -0.117061
0 0.468464 0.143273 0.024521 0.035544 0.992493 -0.122303
0 0.319820 0.119691 0.016098 0.021239 0.997115 -0.075908
0 0.319554 0.141660 0.014578 0.021254 1.000000 0.000000
0 0.500364 0.136015 0.031236 0.050132 0.988286 -0.152613
0 0.534868 0.140047 0.028950 0.042006 0.992550 -0.121836
0 0.568343 0.138435 0.026974 0.038848 0.984279 -0.176621
0 0.611139 0.135209 0.027162 0.042005 0.992552 -0.121823
0 0.666406 0.131177 0.031455 0.050107 0.990484 -0.137628
0 0.723730 0.127951 0.031579 0.043616 0.993086 -0.117387
0 0.767495 0.129563 0.027818 0.040374 0.994172 -0.107807
0 0.802000 0.127144 0.026974 0.038848 0.984274 -0.176650
0 0.867375 0.134402 0.027818 0.053249 0.998026 -0.062801
0 0.901273 0.131177 0.030144 0.053249 0.998026 -0.062798
0 0.806660 0.254564 0.037669 0.040372 0.996328 -0.085616
0 0.265497 0.520693 0.052592 0.083950 0.995790 -0.091667
0 0.315922 0.513435 0.026305 0.050001 0.999880 0.015472
0 0.359505 0.511821 0.052715 0.085509 0.998694 -0.051086
0 0.403089 0.508596 0.028725 0.053227 0.999894 0.014552
0 0.447278 0.502951 0.048907 0.071043 0.995244 -0.097410
0 0.492072 0.504563 0.030999 0.045169 0.999207 -0.039808
0 0.534445 0.498919 0.043788 0.072655 0.995451 -0.095279
0 0.578029 0.501338 0.027376 0.051620 0.999394 -0.034812
0 0.622217 0.494887 0.048766 0.070998 0.998107 -0.061497
0 0.663380 0.494080 0.023779 0.043598 0.995000 -0.099878
0 0.702726 0.486822 0.049022 0.071080 0.992910 0.118866
0 0.752968 0.490047 0.032051 0.048431 0.995943 -0.089982
0 0.796975 0.487628 0.047839 0.088916 0.989644 -0.143546
0 0.839348 0.489241 0.023487 0.050132 0.988289 -0.152595
0 0.883718 0.484402 0.049870 0.072610 0.998191 -0.060116
0 0.926697 0.486822 0.029413 0.054936 0.992074 -0.125658
0 0.971309 0.483596 0.051350 0.074282 0.994629 -0.103508
0 0.978890 0.651394 0.023737 0.031916 0.988848 -0.148925
