1 0.357209 0.611496 0.057563 0.043027 0.812675 -0.582718
1 0.541214 0.620089 0.057563 0.041444 0.812669 -0.582726
1 0.226717 0.885320 0.053941 0.040420 0.750625 -0.660729
1 0.676819 0.519084 0.027475 0.056339 0.227769 0.973715
1 0.460229 0.434096 0.023467 0.070695 0.806185 -0.591663
1 0.605146 0.335112 0.022599 0.064924 0.745286 -0.666744
1 0.698699 0.199891 0.021807 0.066597 0.788042 -0.615622
1 0.595711 0.655867 0.022725 0.073078 0.784922 -0.619594
1 0.664894 0.607649 0.022419 0.068328 0.828832 -0.559498
1 0.820554 0.379137 0.052579 0.044859 0.770076 -0.637952
1 0.830775 0.151673 0.030503 0.061172 0.572897 0.819628
1 0.342567 0.852931 0.028245 0.073635 0.741406 -0.671057
