0 0.126455 0.447305 0.059811 0.085868 0.980261 -0.197707
0 0.151878 0.709402 0.081269 0.097882 0.934016 0.357231
0 0.295144 0.190218 0.043965 0.058741 0.983031 -0.183441
0 0.188826 0.298782 0.045755 0.058132 0.997513 -0.070486
0 0.562895 0.232789 0.031487 0.045484 0.988124 -0.153656
0 0.561684 0.147306 0.026712 0.038446 0.983455 -0.181155
0 0.556237 0.075531 0.044547 0.064818 0.997376 -0.072397
0 0.415801 0.170693 0.045472 0.053525 0.977093 -0.212814
0 0.437592 0.416660 0.042775 0.061498 0.982069 -0.188521
0 0.581055 0.371499 0.063600 0.091585 0.984115 -0.177533
0 0.650668 0.151338 0.050431 0.054092 0.640941 0.767590
0 0.732778 0.214325 0.044897 0.058632 0.989620 -0.143710
0 0.724822 0.072077 0.046764 0.056047 0.985506 -0.169640
0 0.826038 0.083983 0.071930 0.093477 0.980421 -0.196913
