1 0.295459 0.039726 0.019970 0.072121 0.994577 -0.104004
1 0.400845 0.034160 0.019481 0.057314 0.991436 -0.130590
1 0.297844 0.125531 0.020584 0.074179 0.998433 -0.055965
1 0.409927 0.126591 0.018772 0.072616 0.965247 -0.261341
1 0.413106 0.236760 0.020936 0.080732 0.987696 -0.156384
1 0.420260 0.335277 0.025583 0.086976 0.994240 -0.107179
1 0.383695 0.400955 0.021605 0.082744 0.993639 -0.112611
1 0.431207 0.444387 0.014877 0.072192 0.990235 -0.139407
1 0.320897 0.529133 0.025077 0.080558 0.997248 -0.074132
1 0.432979 0.527015 0.014635 0.076398 0.992543 -0.121898
1 0.439339 0.598521 0.018358 0.060390 0.999071 -0.043087
1 0.331230 0.688031 0.020884 0.097557 0.995417 -0.095625
1 0.334410 0.784430 0.024323 0.074179 0.998433 -0.055955
1 0.342210 0.886964 0.024846 0.075986 0.990934 -0.134346
1 0.447105 0.821506 0.019850 0.080899 0.978670 -0.205437
1 0.450375 0.923259 0.020817 0.082844 0.988316 -0.152422
