1 0.223010 0.479104 0.034893 0.021231 0.995717 0.092453
1 0.301394 0.452950 0.033689 0.026452 0.995405 0.095759
1 0.370401 0.538434 0.038512 0.025711 0.996486 0.083765
1 0.413985 0.503757 0.043490 0.030608 0.993790 0.111269
1 0.464832 0.411015 0.029408 0.021123 0.975642 -0.219367
1 0.560474 0.403757 0.040003 0.022191 0.959339 -0.282257
1 0.657953 0.398348 0.048493 0.021752 0.991109 -0.133050
1 0.700649 0.344724 0.041058 0.020791 0.917339 -0.398107
1 0.746309 0.386822 0.043108 0.021117 0.974473 -0.224504
1 0.763864 0.540854 0.033881 0.026921 0.989748 0.142826
1 0.849701 0.365423 0.047555 0.024025 0.967529 -0.252759
1 0.482882 0.889629 0.041376 0.022475 0.998330 0.057763
1 0.461806 0.924725 0.037480 0.021210 0.991634 0.129084
1 0.509217 0.078854 0.043965 0.026211 0.983031 -0.183441
1 0.561079 0.081176 0.035668 0.024480 0.974107 -0.226088
1 0.611927 0.065854 0.045574 0.025254 0.868622 -0.495475
1 0.658672 0.038256 0.022302 0.044114 0.264555 0.964371
1 0.585287 0.020875 0.029807 0.020538 0.875735 -0.482792
