0 0.275971 0.365854 0.050064 0.080769 0.993105 -0.117229
0 0.224517 0.521499 0.030857 0.036004 0.733649 -0.679528
0 0.365000 0.513491 0.037875 0.056505 0.996643 -0.081874
0 0.123428 0.750531 0.066510 0.069672 0.615416 -0.788203
0 0.166496 0.720747 0.033386 0.061292 0.999920 0.012641
0 0.214227 0.710209 0.039265 0.056629 0.986074 -0.166307
0 0.235414 0.838434 0.033527 0.048497 0.989853 -0.142094
0 0.281418 0.836821 0.035719 0.051716 0.991065 -0.133378
0 0.325607 0.833596 0.033823 0.048594 0.981191 -0.193039
0 0.369190 0.827144 0.033823 0.048594 0.981192 -0.193034
