0 0.112532 0.402951 0.039938 0.058101 0.997176 -0.075094
0 0.473961 0.327696 0.039193 0.059948 0.980079 -0.198608
0 0.529602 0.316661 0.041207 0.059766 0.993295 -0.115611
0 0.052605 0.193273 0.043946 0.061886 0.955923 -0.293617
0 0.578029 0.311015 0.037913 0.054936 0.992074 -0.125658
0 0.693418 0.287963 0.044855 0.058629 0.958631 -0.284653
0 0.575417 0.497620 0.043085 0.055133 0.976537 -0.215347
0 0.670038 0.478757 0.042333 0.067821 0.994784 -0.102004
0 0.722701 0.474725 0.043634 0.063062 0.988742 -0.149630
0 0.789893 0.930370 0.043946 0.061885 0.955923 -0.293617
