0 0.255303 0.319417 0.093962 0.099477 0.493946 -0.869493
0 0.374436 0.347681 0.066289 0.095675 0.989728 -0.142965
0 0.292796 0.886109 0.067517 0.104262 0.970131 -0.242581
0 0.533663 0.414565 0.087269 0.119392 0.611675 -0.791109
0 0.593077 0.531598 0.097805 0.098756 0.537577 -0.843215
0 0.617893 0.096974 0.103350 0.098277 0.608940 -0.793216
0 0.685334 0.239753 0.092657 0.178322 0.990148 0.140022
0 0.742572 0.440236 0.146102 0.151252 0.448401 0.893832
0 0.378731 0.127593 0.059128 0.065648 0.525237 0.850956
0 0.393829 0.201045 0.049852 0.062647 0.523902 0.851779
