0 0.257810 0.492020 0.055325 0.079925 1.000000 0.000000
0 0.125850 0.648918 0.038681 0.057088 0.992144 -0.125101
0 0.558476 0.344080 0.037638 0.062916 0.999165 -0.040862
0 0.628749 0.346625 0.043820 0.074456 0.999290 -0.037677
0 0.681627 0.344857 0.019509 0.029057 0.996092 0.088317
0 0.719455 0.344229 0.035429 0.059990 0.998964 0.045500
0 0.790397 0.341122 0.037228 0.060270 0.995870 -0.090795
0 0.914007 0.331926 0.041526 0.061406 0.999900 0.014136
0 0.395037 0.574725 0.042404 0.047165 0.999276 0.038039
0 0.398246 0.631177 0.038411 0.055965 0.999118 0.041993
0 0.456963 0.517467 0.032485 0.047180 0.995056 0.099312
0 0.459990 0.577144 0.033534 0.058065 1.000000 0.000000
0 0.467640 0.682635 0.018086 0.031207 0.983973 -0.178316
0 0.581579 0.606183 0.035081 0.061292 0.999920 0.012656
0 0.657144 0.596499 0.052958 0.093548 1.000000 0.000000
0 0.734021 0.593273 0.052732 0.093557 0.999622 0.027498
0 0.961018 0.580370 0.064013 0.109704 0.998900 -0.046881
