0 0.413980 0.155601 0.046171 0.061155 0.880710 0.473655
0 0.110248 0.077072 0.030795 0.036899 0.763674 -0.645602
0 0.295323 0.423991 0.042453 0.048570 0.711732 -0.702451
0 0.338606 0.535323 0.044467 0.055657 0.813749 -0.581217
0 0.363980 0.598941 0.037543 0.043480 0.725325 -0.688407
0 0.540845 0.439895 0.055501 0.064701 0.732663 -0.680591
0 0.440769 0.526661 0.043374 0.038656 0.679820 -0.733379
0 0.464726 0.578066 0.046534 0.054114 0.729872 -0.683584
0 0.609502 0.583036 0.063214 0.070948 0.690487 -0.723344
0 0.531143 0.740094 0.022395 0.027306 0.783471 -0.621428
0 0.553532 0.764945 0.017546 0.025582 1.000000 0.000000
0 0.732636 0.485621 0.035055 0.050017 0.972433 0.233181
0 0.646069 0.804706 0.046836 0.050430 0.645127 -0.764075
0 0.968771 0.517617 0.052328 0.056853 0.666512 0.745495
