1 0.288282 0.100112 0.019574 0.050328 0.998699 -0.050985
1 0.358251 0.190259 0.016116 0.054508 0.999899 0.014210
1 0.357465 0.237428 0.016055 0.052425 0.998801 0.048959
1 0.548503 0.333865 0.037431 0.026891 0.998431 0.055998
1 0.890484 0.244766 0.027480 0.050503 0.983508 0.180864
1 0.976962 0.247911 0.024376 0.048257 0.996374 -0.085086
1 0.340169 0.415625 0.019665 0.054194 0.872794 0.488089
1 0.502514 0.058311 0.017611 0.050998 0.963637 -0.267213
1 0.474603 0.157764 0.022693 0.056672 0.994596 0.103822
1 0.501333 0.175584 0.018476 0.054509 0.999899 -0.014181
1 0.349603 0.524640 0.020312 0.052447 0.996932 -0.078278
1 0.350389 0.571810 0.019263 0.050316 0.999882 -0.015367
1 0.281207 0.775164 0.018392 0.054509 0.999899 -0.014191
1 0.347244 0.724850 0.016220 0.054578 0.994169 0.107833
1 0.348031 0.780406 0.014585 0.056617 0.998972 0.045321
1 0.347785 0.829954 0.017422 0.054578 0.994173 -0.107798
1 0.352748 0.879986 0.016934 0.050352 0.996664 -0.081609
1 0.353534 0.927156 0.016799 0.052528 0.990023 -0.140905
1 0.141270 0.933446 0.014702 0.077853 0.983784 -0.179358
1 0.253053 0.656622 0.015693 0.060809 0.999110 0.042184
1 0.202591 0.144137 0.019025 0.054578 0.994172 0.107806
1 0.205379 0.058323 0.020843 0.049759 0.998694 -0.051096
1 0.469415 0.381174 0.073092 0.029434 0.996256 0.086453
1 0.842374 0.402145 0.082467 0.031744 0.998277 0.058679
